#fff8e7
11.0, -163.0
19.0, -162.0
34.0, -158.0
39.0, -156.0
51.0, -154.0
59.0, -151.0
68.0, -145.0
74.0, -143.0
81.0, -139.0
85.0, -135.0
93.0, -132.0
101.0, -128.0
108.0, -124.0
113.0, -119.0
117.0, -112.0
125.0, -104.0
129.0, -97.0
135.0, -92.0
140.0, -83.0
145.0, -76.0
149.0, -70.0
156.0, -62.0
159.0, -52.0
161.0, -45.0
165.0, -36.0
168.0, -26.0
172.0, -13.0
172.0, -6.0
173.0, 2.0
173.0, 11.0
173.0, 23.0
171.0, 31.0
171.0, 40.0
171.0, 48.0
167.0, 63.0
165.0, 72.0
159.0, 85.0
157.0, 93.0
150.0, 104.0
139.0, 124.0
135.0, 131.0
129.0, 138.0
122.0, 142.0
113.0, 150.0
106.0, 159.0
99.0, 163.0
91.0, 166.0
83.0, 173.0
73.0, 176.0
68.0, 180.0
59.0, 186.0
53.0, 189.0
45.0, 191.0
40.0, 195.0
30.0, 196.0
24.0, 197.0
18.0, 197.0
7.0, 200.0
-2.0, 201.0
-8.0, 201.0
-15.0, 201.0
-21.0, 201.0
-28.0, 201.0
-34.0, 201.0
-48.0, 200.0
-56.0, 199.0
-65.0, 198.0
-71.0, 197.0
-75.0, 195.0
-81.0, 194.0
-91.0, 191.0
-102.0, 189.0
-114.0, 183.0
-118.0, 181.0
-122.0, 177.0
-130.0, 171.0
-142.0, 166.0
-146.0, 159.0
-150.0, 156.0
-157.0, 151.0
-160.0, 148.0
-169.0, 143.0
-173.0, 138.0
-178.0, 132.0
-180.0, 127.0
-187.0, 121.0
-191.0, 112.0
-195.0, 104.0
-200.0, 98.0
-203.0, 89.0
-205.0, 86.0
-207.0, 80.0
-209.0, 76.0
-210.0, 70.0
-214.0, 61.0
-215.0, 50.0
-216.0, 42.0
-216.0, 33.0
-219.0, 22.0
-216.0, 9.0
-216.0, 2.0
-215.0, -5.0
-213.0, -19.0
-211.0, -24.0
-208.0, -33.0
-207.0, -39.0
-204.0, -47.0
-199.0, -55.0
-195.0, -60.0
-188.0, -67.0
-185.0, -82.0
-177.0, -90.0
-173.0, -97.0
-167.0, -103.0
-162.0, -108.0
-158.0, -116.0
-150.0, -120.0
-147.0, -122.0
-138.0, -128.0
-132.0, -135.0
-127.0, -139.0
-119.0, -144.0
-107.0, -147.0
-100.0, -153.0
-87.0, -153.0
-79.0, -157.0
-68.0, -161.0
-54.0, -165.0
-42.0, -167.0
-32.0, -167.0
-24.0, -167.0
-11.0, -167.0
-6.0, -167.0
3.0, -167.0
10.0, -165.0