#ffa700
19.0, 223.0
33.0, 253.0
35.0, 253.0
38.0, 253.0
45.0, 255.0
47.0, 255.0
51.0, 253.0
55.0, 253.0
62.0, 251.0
67.0, 250.0
73.0, 248.0
81.0, 246.0
85.0, 244.0
88.0, 241.0
92.0, 238.0
96.0, 234.0
102.0, 230.0
107.0, 227.0
112.0, 220.0
116.0, 213.0
116.0, 210.0
103.0, 176.0
101.0, 181.0
98.0, 181.0
92.0, 184.0
87.0, 187.0
79.0, 191.0
78.0, 192.0
72.0, 196.0
64.0, 199.0
56.0, 203.0
52.0, 204.0
47.0, 207.0
41.0, 210.0
33.0, 214.0
28.0, 216.0
26.0, 217.0
23.0, 218.0
21.0, 220.0
19.0, 223.0