blue
19.0, 221.0
26.0, 236.0
30.0, 237.0
37.0, 235.0
41.0, 234.0
47.0, 233.0
53.0, 231.0
60.0, 229.0
63.0, 225.0
71.0, 221.0
78.0, 217.0
82.0, 217.0
86.0, 214.0
90.0, 208.0
95.0, 204.0
100.0, 201.0
110.0, 196.0
110.0, 192.0
113.0, 188.0
119.0, 185.0
122.0, 182.0
129.0, 180.0
129.0, 180.0
132.0, 179.0
134.0, 178.0
142.0, 177.0
148.0, 178.0
156.0, 180.0
160.0, 181.0
163.0, 181.0
168.0, 183.0
174.0, 185.0
180.0, 185.0
188.0, 185.0
194.0, 185.0
200.0, 185.0
206.0, 185.0
212.0, 184.0
218.0, 181.0
222.0, 177.0
225.0, 176.0
229.0, 173.0
233.0, 168.0
236.0, 164.0
233.0, 167.0
226.0, 168.0
224.0, 171.0
214.0, 171.0
211.0, 171.0
209.0, 171.0
206.0, 171.0
208.0, 168.0
211.0, 164.0
214.0, 161.0
216.0, 158.0
216.0, 153.0
217.0, 151.0
217.0, 147.0
219.0, 142.0
215.0, 148.0
210.0, 151.0
208.0, 153.0
206.0, 156.0
202.0, 157.0
200.0, 159.0
197.0, 159.0
196.0, 160.0
192.0, 161.0
186.0, 161.0
182.0, 161.0
179.0, 160.0
173.0, 159.0
166.0, 158.0
160.0, 156.0
156.0, 155.0
151.0, 155.0
147.0, 155.0
143.0, 155.0
139.0, 155.0
135.0, 155.0
132.0, 159.0
129.0, 161.0
127.0, 164.0
121.0, 169.0
117.0, 171.0
112.0, 174.0
110.0, 177.0
107.0, 177.0
103.0, 179.0
101.0, 181.0
97.0, 181.0
95.0, 184.0
89.0, 187.0
86.0, 188.0
83.0, 190.0
79.0, 193.0
78.0, 194.0
73.0, 197.0
69.0, 199.0
65.0, 201.0
61.0, 202.0
61.0, 204.0
58.0, 205.0
54.0, 207.0
50.0, 208.0
46.0, 210.0
41.0, 210.0
38.0, 212.0
34.0, 214.0
32.0, 215.0
24.0, 218.0
24.0, 218.0
21.0, 220.0
19.0, 221.0