#fffdd0
-127.0, 21.0
-123.0, 20.0
-121.0, 19.0
-117.0, 17.0
-113.0, 17.0
-109.0, 18.0
-104.0, 19.0
-98.0, 25.0
-91.0, 30.0
-88.0, 34.0
-82.0, 37.0
-81.0, 41.0
-77.0, 45.0
-74.0, 49.0
-70.0, 53.0
-66.0, 56.0
-64.0, 61.0
-61.0, 69.0
-58.0, 73.0
-58.0, 77.0
-56.0, 85.0
-55.0, 92.0
-55.0, 97.0
-55.0, 105.0
-59.0, 107.0
-61.0, 110.0
-65.0, 110.0
-69.0, 113.0
-73.0, 113.0
-79.0, 113.0
-84.0, 113.0
-88.0, 111.0
-95.0, 108.0
-98.0, 106.0
-102.0, 102.0
-105.0, 97.0
-109.0, 93.0
-111.0, 90.0
-114.0, 87.0
-116.0, 84.0
-119.0, 77.0
-122.0, 75.0
-125.0, 69.0
-128.0, 61.0
-131.0, 57.0
-131.0, 49.0
-134.0, 45.0
-135.0, 37.0
-135.0, 33.0
-133.0, 28.0
-129.0, 21.0
-125.0, 18.0