#fffdd0
-42.0, -4.0
-39.0, -4.0
-34.0, -5.0
-30.0, -5.0
-23.0, -4.0
-20.0, -3.0
-14.0, -0.0
-4.0, 4.0
-1.0, 11.0
4.0, 19.0
9.0, 26.0
12.0, 30.0
17.0, 39.0
21.0, 44.0
23.0, 50.0
24.0, 58.0
24.0, 63.0
26.0, 70.0
25.0, 76.0
22.0, 80.0
21.0, 84.0
19.0, 88.0
17.0, 89.0
14.0, 91.0
10.0, 93.0
5.0, 94.0
-2.0, 94.0
-6.0, 94.0
-11.0, 92.0
-17.0, 89.0
-21.0, 83.0
-25.0, 79.0
-29.0, 76.0
-34.0, 71.0
-39.0, 66.0
-42.0, 59.0
-46.0, 51.0
-48.0, 42.0
-51.0, 38.0
-52.0, 30.0
-53.0, 24.0
-54.0, 15.0
-53.0, 8.0
-50.0, 4.0
-48.0, 1.0
-45.0, -2.0
-43.0, -4.0
-40.0, -6.0
-37.0, -6.0
