#ff7f50
138.0, -5.0
148.0, -2.0
154.0, 1.0
161.0, 5.0
165.0, 9.0
171.0, 12.0
174.0, 17.0
180.0, 21.0
184.0, 27.0
188.0, 31.0
192.0, 36.0
194.0, 43.0
197.0, 46.0
200.0, 51.0
201.0, 57.0
201.0, 61.0
203.0, 64.0
203.0, 69.0
204.0, 72.0
204.0, 74.0
202.0, 74.0
199.0, 75.0
197.0, 77.0
193.0, 77.0
191.0, 77.0
191.0, 75.0
189.0, 74.0
187.0, 73.0
185.0, 74.0
184.0, 74.0
184.0, 77.0
184.0, 80.0
184.0, 81.0
186.0, 83.0
188.0, 84.0
189.0, 84.0
192.0, 84.0
194.0, 83.0
197.0, 82.0
198.0, 83.0
198.0, 88.0
198.0, 93.0
195.0, 97.0
194.0, 99.0
192.0, 102.0
190.0, 106.0
188.0, 111.0
187.0, 117.0
188.0, 119.0
189.0, 120.0
192.0, 120.0
196.0, 119.0
198.0, 112.0
198.0, 108.0
200.0, 102.0
202.0, 98.0
203.0, 99.0
203.0, 102.0
202.0, 106.0
202.0, 109.0
200.0, 112.0
200.0, 116.0
200.0, 118.0
202.0, 122.0
203.0, 123.0
204.0, 126.0
208.0, 126.0
209.0, 124.0
211.0, 120.0
210.0, 112.0
209.0, 106.0
209.0, 99.0
211.0, 99.0
212.0, 100.0
212.0, 103.0
212.0, 105.0
214.0, 107.0
217.0, 109.0
218.0, 109.0
221.0, 111.0
223.0, 109.0
223.0, 107.0
220.0, 104.0
219.0, 102.0
217.0, 98.0
216.0, 96.0
216.0, 93.0
216.0, 91.0
216.0, 85.0
214.0, 79.0
214.0, 79.0
211.0, 76.0
210.0, 70.0
210.0, 66.0
210.0, 60.0
207.0, 57.0
206.0, 50.0
203.0, 46.0
203.0, 41.0
200.0, 36.0
198.0, 34.0
194.0, 27.0
192.0, 24.0
188.0, 18.0
183.0, 16.0
180.0, 14.0
175.0, 12.0
172.0, 8.0
169.0, 3.0
163.0, -0.0
159.0, -3.0
157.0, -6.0
152.0, -7.0
150.0, -8.0
147.0, -10.0
146.0, -10.0
144.0, -10.0
141.0, -5.0
