#ffa6c9
47.0, -56.0
46.0, -53.0
45.0, -51.0
43.0, -48.0
40.0, -47.0
37.0, -46.0
33.0, -46.0
31.0, -47.0
29.0, -49.0
28.0, -50.0
27.0, -54.0
26.0, -56.0
26.0, -60.0
25.0, -63.0
26.0, -57.0
26.0, -54.0
26.0, -53.0
25.0, -52.0
23.0, -52.0
20.0, -52.0
18.0, -54.0
16.0, -55.0
15.0, -57.0
14.0, -61.0
12.0, -64.0
12.0, -69.0
13.0, -72.0
13.0, -75.0
13.0, -76.0
13.0, -77.0
17.0, -77.0
18.0, -77.0
23.0, -76.0
25.0, -74.0
28.0, -73.0
31.0, -72.0
34.0, -69.0
36.0, -63.0
38.0, -63.0
42.0, -62.0
43.0, -59.0
42.0, -57.0
44.0, -55.0
44.0, -52.0
47.0, -56.0