#ff7f50
-208.0, -37.0
-211.0, -37.0
-214.0, -40.0
-218.0, -41.0
-219.0, -44.0
-221.0, -47.0
-224.0, -49.0
-226.0, -50.0
-229.0, -52.0
-231.0, -57.0
-232.0, -60.0
-234.0, -63.0
-233.0, -68.0
-232.0, -70.0
-231.0, -73.0
-228.0, -78.0
-225.0, -80.0
-222.0, -81.0
-219.0, -83.0
-215.0, -84.0
-213.0, -85.0
-210.0, -88.0
-205.0, -89.0
-203.0, -90.0
-197.0, -93.0
-193.0, -94.0
-190.0, -94.0
-186.0, -94.0
-184.0, -95.0
-183.0, -95.0
-180.0, -95.0
-181.0, -100.0
-180.0, -102.0
-179.0, -103.0
-178.0, -106.0
-178.0, -108.0
-178.0, -109.0
-180.0, -111.0
-181.0, -110.0
-183.0, -108.0
-185.0, -108.0
-186.0, -108.0
-188.0, -108.0
-189.0, -109.0
-189.0, -111.0
-189.0, -114.0
-188.0, -115.0
-188.0, -115.0
-186.0, -118.0
-183.0, -118.0
-183.0, -118.0
-181.0, -119.0
-179.0, -119.0
-178.0, -119.0
-177.0, -117.0
-176.0, -115.0
-174.0, -113.0
-174.0, -112.0
-173.0, -108.0
-173.0, -110.0
-174.0, -113.0
-174.0, -114.0
-177.0, -115.0
-178.0, -117.0
-180.0, -118.0
-180.0, -120.0
-179.0, -121.0
-177.0, -122.0
-175.0, -122.0
-174.0, -122.0
-173.0, -120.0
-172.0, -119.0
-171.0, -117.0
-170.0, -117.0
-169.0, -115.0
-168.0, -114.0
-166.0, -111.0
-167.0, -114.0
-169.0, -117.0
-170.0, -119.0
-174.0, -121.0
-175.0, -121.0
-174.0, -125.0
-173.0, -125.0
-170.0, -126.0
-169.0, -126.0
-166.0, -123.0
-166.0, -122.0
-165.0, -121.0
-164.0, -119.0
-163.0, -118.0
-163.0, -115.0
-162.0, -114.0
-161.0, -112.0
-162.0, -111.0
-163.0, -108.0
-167.0, -106.0
-170.0, -103.0
-171.0, -102.0
-173.0, -99.0
-175.0, -96.0
-178.0, -94.0
-180.0, -90.0
-181.0, -87.0
-181.0, -87.0
-183.0, -87.0
-186.0, -87.0
-189.0, -86.0
-193.0, -86.0
-196.0, -85.0
-199.0, -82.0
-205.0, -80.0
-208.0, -79.0
-210.0, -78.0
-213.0, -78.0
-217.0, -75.0
-218.0, -74.0
-221.0, -73.0
-222.0, -71.0
-224.0, -69.0
-225.0, -66.0
-225.0, -64.0
-225.0, -62.0
-225.0, -61.0
-222.0, -58.0
-221.0, -57.0
-219.0, -55.0
-217.0, -54.0
-215.0, -50.0
-213.0, -48.0
-210.0, -45.0
-209.0, -45.0
-206.0, -43.0
-204.0, -43.0
-208.0, -37.0