#cd5b45
-52.0, -211.0
-50.0, -211.0
-48.0, -211.0
-45.0, -210.0
-42.0, -209.0
-38.0, -209.0
-35.0, -208.0
-33.0, -208.0
-26.0, -208.0
-21.0, -209.0
-21.0, -221.0
-19.0, -230.0
-19.0, -238.0
-15.0, -246.0
-14.0, -258.0
-20.0, -259.0
-27.0, -259.0
-38.0, -261.0
-47.0, -261.0
-50.0, -260.0
-63.0, -254.0
-66.0, -254.0
-68.0, -252.0
-72.0, -247.0
-75.0, -243.0
-76.0, -241.0
-77.0, -235.0
-74.0, -236.0
-73.0, -237.0
-69.0, -239.0
-65.0, -243.0
-64.0, -243.0
-61.0, -244.0
-58.0, -246.0
-52.0, -247.0
-46.0, -247.0
-42.0, -248.0
-40.0, -248.0
-37.0, -248.0
-35.0, -246.0
-31.0, -246.0
-37.0, -246.0
-40.0, -247.0
-38.0, -245.0
-39.0, -239.0
-42.0, -234.0
-42.0, -230.0
-44.0, -224.0
-47.0, -218.0
-48.0, -216.0
-50.0, -212.0