#cd5b45
67.0, -222.0
69.0, -217.0
71.0, -213.0
75.0, -211.0
77.0, -207.0
81.0, -205.0
84.0, -202.0
88.0, -197.0
90.0, -207.0
94.0, -215.0
97.0, -221.0
99.0, -225.0
103.0, -228.0
104.0, -229.0
104.0, -232.0
100.0, -236.0
104.0, -231.0
107.0, -226.0
111.0, -221.0
113.0, -217.0
117.0, -211.0
118.0, -206.0
120.0, -202.0
120.0, -198.0
120.0, -190.0
122.0, -195.0
124.0, -199.0
124.0, -204.0
125.0, -208.0
125.0, -212.0
125.0, -219.0
123.0, -225.0
120.0, -232.0
115.0, -239.0
112.0, -243.0
109.0, -245.0
106.0, -249.0
102.0, -253.0
97.0, -259.0
67.0, -222.0