black
6.0, 138.0
8.0, 137.0
9.0, 137.0
12.0, 139.0
15.0, 141.0
19.0, 140.0
20.0, 138.0
23.0, 137.0
26.0, 134.0
28.0, 132.0
32.0, 129.0
35.0, 122.0
37.0, 119.0
38.0, 114.0
41.0, 112.0
42.0, 110.0
45.0, 105.0
45.0, 107.0
46.0, 110.0
45.0, 117.0
45.0, 121.0
42.0, 126.0
41.0, 130.0
39.0, 132.0
38.0, 136.0
35.0, 139.0
34.0, 140.0
31.0, 142.0
30.0, 145.0
28.0, 147.0
27.0, 147.0
25.0, 149.0
22.0, 149.0
18.0, 150.0
13.0, 150.0
13.0, 150.0
12.0, 149.0
9.0, 149.0
8.0, 148.0
7.0, 146.0
6.0, 145.0
6.0, 141.0
6.0, 138.0